EilatYam
Date,Time,Temp,Humidity,Absolute,Barometric,Solar,Wind,Wind,Wind,Level,Temp,PAR,UV
,,2m,,Humidity,Pressure,Radiation,Dir,Speed,Gusts,,Water,,
,,°C,%,g/m³,mb,W/m²,deg,m/s,m/s,cm,°C,mmol/m²/sec,mmol/m²/sec
01/08/15,01:00,35.3,22,8.8,1004.4,0,340,3.2,7.4,-15.8,27.1,0,0
01/08/15,02:00,34.3,23,8.8,1004.2,0,346,3,6.3,-11.5,26.9,0,0
01/08/15,03:00,32.9,28,9.9,1004.2,0,28,2.6,5.1,1.3,27.1,0,0
01/08/15,04:00,30.3,40,12.4,1004.5,0,51,4,6.9,21.6,27,0,0
01/08/15,05:00,30.5,35,10.8,1005,0,26,3.9,6.1,45.3,26.9,1,0
01/08/15,06:00,29.9,38,11.5,1005.3,32,28,4.6,7.8,61.4,26.9,86,5
01/08/15,07:00,29.6,41,12.2,1005.7,157,29,5.4,7.6,68.3,26.9,398,20
01/08/15,08:00,30.8,37,11.8,1005.9,398,38,6.6,9.3,65.2,26.9,790,45
01/08/15,09:00,31,40,12.8,1005.7,629,44,7.8,9.3,51,26.9,1165,73
01/08/15,10:00,32.3,36,12.3,1005.6,789,45,8.2,10,30,27,1470,99
01/08/15,11:00,33.7,32,11.9,1005.2,870,44,8.5,10.7,9.8,27.1,1670,120
01/08/15,12:00,35.3,28,11.3,1004.5,889,43,8.9,11.3,-8.7,27.2,1750,130
01/08/15,13:00,36.7,25,10.7,1003.6,866,47,8.6,10.6,-21.9,27.3,1720,127
01/08/15,14:00,38.2,21,9.6,1002.6,801,44,8.1,9.8,-22.5,27.3,1579,113
01/08/15,15:00,40.5,15,7.7,1002,690,43,7.8,11.3,-10.8,27.2,1328,91
01/08/15,16:00,41.5,14,7.5,1001.4,526,33,8.7,13.2,7.7,27.3,976,62
01/08/15,17:00,41.7,12,6.8,1000.9,324,30,8.9,13.5,31.9,27.4,579,34
01/08/15,18:00,41.4,11,6.1,1000.7,103,24,8.4,15.1,55.2,27.2,196,12
01/08/15,19:00,41,10,5.6,1001.1,8,17,7.2,13.1,69.1,27.1,21,1
01/08/15,20:00,40.1,15,7.8,1001.9,0,18,7.5,14.9,72,27.1,0,0
01/08/15,21:00,39,20,9.7,1002.7,0,18,8.1,15.5,65.5,26.9,0,0
01/08/15,22:00,38,22,10.2,1003.1,0,16,7.4,13.5,53.1,26.8,0,0
01/08/15,23:00,37,27,11.6,1003.4,0,19,5.3,12,33.4,26.8,0,0
01/08/15,24:00,35.8,30,12.1,1003.9,0,36,3.9,7.8,9.2,26.7,0,0
02/08/15,01:00,35.1,30,11.8,1003.7,0,28,4.2,8.2,-7.2,26.7,0,0
02/08/15,02:00,34.2,32,12,1003.7,0,43,5.5,9.4,-12.9,26.7,0,0
02/08/15,03:00,31.1,46,14.6,1004.1,0,53,6.8,9.3,-8.2,26.7,0,0
02/08/15,04:00,31,44,14.1,1004.1,0,31,5.5,8.4,8.5,26.6,0,0
02/08/15,05:00,30.2,48,14.6,1004.3,0,26,4.6,6.7,33.2,26.6,1,0
02/08/15,06:00,30.9,41,12.8,1004.8,29,32,6,8.6,55.9,26.6,63,4
02/08/15,07:00,30.3,44,13.5,1005.1,139,36,7.2,9.2,70.5,26.6,300,15
02/08/15,08:00,30.9,42,13.5,1005.3,336,40,7.8,9.9,74.7,26.7,654,34
02/08/15,09:00,31.8,41,13.5,1005.7,545,41,8.4,10.7,69.6,26.8,1010,58
02/08/15,10:00,31.7,44,14.5,1006,702,43,6.4,9,52.9,26.8,1313,82
02/08/15,11:00,32.6,41,14.2,1005.7,781,42,6.8,9.1,32.1,26.9,1501,100
02/08/15,12:00,34.2,36,13.5,1005,806,43,6.9,8.7,11,27,1575,105
02/08/15,13:00,34.2,38,14.5,1004.3,795,47,5,7.6,-7.6,27.1,1568,106
02/08/15,14:00,36.1,32,13,1004,661,51,2.9,4.8,-19.4,27.3,1302,87
02/08/15,15:00,37.8,26,11.8,1003.4,447,63,2,5.3,-18.9,27.6,876,58
02/08/15,16:00,36.4,30,12.5,1003.2,436,214,3.6,6,-7.3,27.6,821,50
02/08/15,17:00,35.9,29,11.9,1003.1,241,217,4.5,6.1,14.5,27.6,447,27
02/08/15,18:00,37.2,26,11.4,1003.1,64,213,2.2,5,39.6,27.4,126,8
02/08/15,19:00,33.1,42,14.8,1003.9,4,216,2.5,4.9,62,27.1,10,1
02/08/15,20:00,37.8,21,9.2,1004.4,0,227,2.4,4.7,74.6,27.1,0,0
02/08/15,21:00,36.7,26,10.9,1005,0,347,1.8,6.5,76.3,27.2,0,0
02/08/15,22:00,34.1,34,12.8,1005.8,0,359,1.3,2.4,68.8,27,0,0
02/08/15,23:00,36.5,25,10.6,1005.4,0,312,2.8,7.3,50.4,26.9,0,0
02/08/15,24:00,35.3,27,10.9,1005.1,0,344,.9,5,28.3,26.9,0,0
03/08/15,01:00,34.5,36,13.2,1004.7,0,269,1.9,5.9,4.2,26.8,0,0
03/08/15,02:00,35.4,29,11.4,1004.3,0,337,1.4,3.1,-13,26.9,0,0
03/08/15,03:00,36.5,29,12.5,1004.5,0,303,2.7,7.6,-14.8,26.9,0,0
03/08/15,04:00,34.2,37,13.8,1004.8,0,12,2.8,7.9,-3.1,26.7,0,0
03/08/15,05:00,32.5,41,14.3,1005.3,0,27,1.6,4.1,17.4,26.7,1,0
03/08/15,06:00,32.4,48,16.4,1005.7,30,34,3.9,5.4,40.8,26.8,61,4
03/08/15,07:00,31.7,51,17,1006,86,35,4.5,6.3,62,26.7,182,12
03/08/15,08:00,31.9,51,16.9,1006.2,241,40,4.9,6.5,73.9,26.8,475,29
03/08/15,09:00,31.6,53,17.5,1006.3,544,42,5.8,6.9,74.8,26.8,1018,60
03/08/15,10:00,32.9,47,16.6,1006,716,42,6.3,7.9,68.1,26.7,1346,86
03/08/15,11:00,33.8,43,16,1005.5,750,45,5.8,7.4,50.3,27,1455,98
03/08/15,12:00,34.9,40,15.5,1005,782,44,5,6.2,26.7,27.3,1543,108
03/08/15,13:00,36.6,33,13.9,1004.4,822,54,3.2,5.4,2.6,27.5,1621,114
03/08/15,14:00,38,25,11.7,1003.7,765,128,.8,3.2,-19.9,28.1,1503,103
03/08/15,15:00,36.9,30,13,1003.2,660,213,3.5,6.3,-28.3,28.4,1264,83
03/08/15,16:00,36.4,30,12.6,1002.9,492,217,4,5.3,-20.8,28.2,912,56
03/08/15,17:00,38.1,22,10.4,1002.6,300,219,2.9,4.9,-6.7,28.2,541,31
03/08/15,18:00,35.8,30,12.3,1003,96,212,1.3,2.5,23.9,27.5,188,11
03/08/15,19:00,39.2,14,6.7,1003.6,8,221,1,2.4,47.9,27.3,19,1
03/08/15,20:00,39.1,13,6.4,1004,0,226,.7,2,66.1,27.1,0,0
03/08/15,21:00,38.3,18,8.4,1004.2,0,278,1.2,4.7,76,27.3,0,0
03/08/15,22:00,37.5,26,11.4,1004.8,0,11,1.8,4.9,77.2,27.2,0,0
03/08/15,23:00,35.3,28,11.1,1005.1,0,11,1.1,4.6,66.2,26.9,0,0
03/08/15,24:00,36.4,28,11.6,1005,0,345,2.5,5.7,45.5,27,0,0
04/08/15,01:00,36,28,11.5,1004.8,0,337,2.3,5.2,20.5,27.1,0,0
04/08/15,02:00,34.8,31,11.9,1004.6,0,339,2.3,6.1,-3,27.1,0,0
04/08/15,03:00,34.8,31,12.2,1004.6,0,327,4,6.9,-14.8,26.9,0,0
04/08/15,04:00,34,34,12.7,1004.9,0,324,3.5,8.1,-15.2,26.9,0,0
04/08/15,05:00,32,43,14.5,1005.4,0,27,3.3,5.4,-2.9,26.8,0,0
04/08/15,06:00,31.1,48,15.3,1005.9,25,33,2.8,4.4,18.1,26.8,56,3
04/08/15,07:00,30.9,51,16.3,1006.3,133,40,5.1,6.5,42,26.8,278,14
04/08/15,08:00,31.2,52,16.8,1006.6,308,38,5.8,8.2,61.5,27,600,30
04/08/15,09:00,31.2,54,17.4,1006.6,492,46,6.4,8.1,68.7,27.3,921,51
04/08/15,10:00,31.5,54,17.5,1006.5,646,48,6.5,8.3,67.7,27.3,1218,73
04/08/15,11:00,32.2,51,17.4,1006.2,732,46,6.5,8.3,57.7,27.4,1406,90
04/08/15,12:00,33,48,17.2,1005.5,780,48,6.3,8.5,40.5,27.6,1538,104
04/08/15,13:00,34.5,42,15.9,1004.9,769,45,6.5,8.7,18.5,27.7,1517,103
04/08/15,14:00,36.2,35,14.8,1004.1,711,46,7.3,9.1,-2.6,27.9,1399,94
04/08/15,15:00,36.4,35,14.8,1003.5,605,42,7.2,9.7,-17,28,1171,75
04/08/15,16:00,36.7,34,14.9,1002.9,447,46,6.2,8.5,-22.3,28,846,51
04/08/15,17:00,38.2,30,13.6,1002.6,264,33,4.2,7.2,-15.9,28,485,27
04/08/15,18:00,41.8,17,9.5,1002.6,89,342,2.8,7.7,.1,27.9,171,10
04/08/15,19:00,40.7,18,9.7,1003.1,6,353,3.8,7.6,25,27.9,16,1
04/08/15,20:00,39.6,20,10.2,1003.7,0,339,4.1,8.2,48.7,27.8,0,0
04/08/15,21:00,38.5,23,10.8,1004.4,0,336,4.8,9.1,64.7,27.6,0,0
04/08/15,22:00,37.7,24,10.9,1004.9,0,329,4.6,8.3,76.2,27.4,0,0
04/08/15,23:00,37,25,10.9,1005.2,0,332,4.2,7.7,71.4,27.4,0,0
04/08/15,24:00,36.1,25,10.4,1005.2,0,338,4.2,7.8,57.3,27.3,0,0
05/08/15,01:00,35.9,22,9,1004.7,0,328,4.8,8.1,39,27.2,0,0
05/08/15,02:00,35.3,24,9.5,1004.6,0,332,3.6,9.2,18.7,27,0,0
05/08/15,03:00,34.4,28,10.6,1004.8,0,324,4,7.3,.1,26.9,0,0
05/08/15,04:00,33.8,27,10,1005.1,0,326,3.9,7.4,-10.7,26.9,0,0
05/08/15,05:00,33.2,26,9.4,1005.8,0,330,4.9,8.4,-10.7,26.9,0,0
05/08/15,06:00,32.3,30,10.2,1006.6,26,330,4.2,8.3,.5,26.8,60,4
05/08/15,07:00,32.7,28,9.8,1007.2,135,348,3.8,8,19.5,27,297,15
05/08/15,08:00,33.1,29,10.3,1007.4,329,11,4,7.7,42,27,650,35
05/08/15,09:00,32.4,37,12.8,1007.4,536,42,5,7.7,58.7,27,1006,59
05/08/15,10:00,31.6,47,15.7,1007.2,688,54,6,7.7,67.8,27.1,1301,82
05/08/15,11:00,32.3,46,15.7,1006.9,767,50,6.2,8.4,68,27.4,1494,101
05/08/15,12:00,33.1,42,15.1,1006.1,797,54,5,6.7,54.8,27.8,1581,111
05/08/15,13:00,33.7,41,15,1005.2,788,56,4,6.5,36.8,27.9,1572,112
05/08/15,14:00,33.8,42,15.4,1004.5,732,58,3.2,5.1,14.6,28.1,1451,101
05/08/15,15:00,36.2,31,12.9,1003.6,626,47,5,7.6,-6.4,28.4,1208,80
05/08/15,16:00,39.3,20,9.4,1003.1,480,28,3.8,9,-16.4,28.4,896,56
05/08/15,17:00,41.8,12,6.7,1002.6,280,1,3.2,8,-18.7,28.3,507,30
05/08/15,18:00,41.2,13,6.9,1002.6,82,348,3.6,8.8,-9.4,28.1,159,10
05/08/15,19:00,40.3,14,7,1003.1,6,345,4.1,8,7.6,28,16,1
05/08/15,20:00,39.8,14,7.1,1003.5,0,329,3,7,29.7,27.8,0,0
05/08/15,21:00,39.4,14,7.2,1004.2,0,347,3,8,54,27.6,0,0
05/08/15,22:00,36.3,27,11.2,1005.2,0,339,5.1,10.5,70.7,27.3,0,0
05/08/15,23:00,35,28,10.9,1005.8,0,340,4.8,8.5,78,27.1,0,0
05/08/15,24:00,34,28,10.6,1006.3,0,341,4.9,8.6,77.4,26.9,0,0
06/08/15,01:00,33.4,28,10.4,1006.1,0,331,5.6,9.2,56.8,27.3,0,0
06/08/15,02:00,33.2,28,10.1,1005.9,0,357,4,8.2,35.4,27.2,0,0
06/08/15,03:00,32.7,29,10.2,1006.3,0,12,3.1,7.2,14,27.4,0,0
06/08/15,04:00,32.1,30,10.2,1006.3,0,10,1.9,3.3,-1.1,27.3,0,0
06/08/15,05:00,31.7,31,10.3,1006.5,0,7,2.1,3.3,-9,27.2,0,0
06/08/15,06:00,30.1,43,13.1,1006.9,24,18,1.4,3.5,-6.9,27.2,64,4
06/08/15,07:00,29.7,42,12.5,1007.3,143,32,2.8,4.1,4.4,27.2,343,18
06/08/15,08:00,30.5,39,12.2,1007.1,374,38,2.9,4.1,21,27.3,741,42
06/08/15,09:00,30.3,48,14.6,1006.8,606,49,3.5,5.8,40.6,27.3,1126,70
06/08/15,10:00,31.7,38,12.7,1006.6,767,51,5.4,6.5,56.1,27.5,1436,96
06/08/15,11:00,33,30,10.8,1006.4,851,51,5.5,6.9,65.1,27.6,1644,120
06/08/15,12:00,34,28,10.4,1005.9,890,56,5.4,7.2,65.8,27.7,1746,134
06/08/15,13:00,35.1,25,9.9,1005,868,57,5.8,7.8,54.6,27.9,1730,135
06/08/15,14:00,35,28,11,1004.2,806,53,3.2,8.9,35.8,28,1596,121
06/08/15,15:00,38.3,17,7.7,1003.6,705,15,3.5,10.9,17.8,28.1,1356,99
06/08/15,16:00,41,9,5,1003.7,555,333,3.1,8.9,-.2,28.1,1022,70
06/08/15,17:00,40.4,10,5,1003.9,356,352,3.8,8.6,-10.3,28.1,628,38
06/08/15,18:00,39.5,9,4.6,1004.4,100,353,4.4,10,-11,28,193,13
06/08/15,19:00,38.5,12,5.5,1004.6,4,342,3.6,10.2,-.4,27.5,16,1
06/08/15,20:00,37.6,13,5.9,1005.2,0,344,4.4,10.2,16.5,27.3,0,0
06/08/15,21:00,36.4,19,8.1,1006.2,0,344,4.9,11.4,36.1,27.1,0,0
06/08/15,22:00,35.3,22,8.8,1007,0,7,3.7,9,55.6,27,0,0
06/08/15,23:00,34.3,21,7.9,1007.6,0,14,3,6.4,67.5,27,0,0
06/08/15,24:00,33.9,14,5.3,1007.6,0,4,3.3,7.1,71,26.9,0,0
07/08/15,01:00,33.4,14,4.9,1007.4,0,335,3.1,6.6,63.1,27,0,0
07/08/15,02:00,31.1,29,9,1007.2,0,20,2.6,5.5,49.8,27.1,0,0
07/08/15,03:00,28.9,36,10.2,1007.4,0,15,1.6,3.6,30.8,27.2,0,0
07/08/15,04:00,29,30,8.6,1007.4,0,33,2.2,3.6,11,27.2,0,0
07/08/15,05:00,27.3,52,13.5,1007.5,0,37,3.4,4.5,-3.3,27.2,0,0
07/08/15,06:00,27.7,46,12.3,1007.7,32,39,2.8,4,-12,27.2,87,5
07/08/15,07:00,27.5,52,13.9,1007.9,161,41,4,4.7,-10.1,27.1,416,20
07/08/15,08:00,27.9,55,15,1007.9,410,37,3.5,4.6,.4,27.1,808,46
07/08/15,09:00,29.2,50,14.6,1007.9,637,48,3.6,4.6,14.1,27.2,1173,74
07/08/15,10:00,31.6,28,9.2,1007.9,785,47,3.4,4.9,28.6,27.4,1466,100
07/08/15,11:00,34,18,6.8,1007.7,863,48,1.6,2.3,41.7,27.5,1660,122
07/08/15,12:00,35.1,18,7.2,1007.2,882,55,1.5,8.3,50.5,27.6,1736,134
07/08/15,13:00,36.8,20,8.5,1006.7,861,45,8.1,11.7,46.8,28.2,1714,135
07/08/15,14:00,37.5,18,8.2,1006.3,789,45,8,10.6,38.8,28.3,1565,118
07/08/15,15:00,38.1,17,7.8,1006,678,41,7,10.2,26.3,28.2,1313,94
07/08/15,16:00,38.3,17,8.1,1005.7,517,44,5.5,9.5,8.2,28.4,967,65
07/08/15,17:00,38,18,8,1005.6,325,42,5.4,7.5,-5.8,28.2,586,35
07/08/15,18:00,39.9,12,6.2,1005.5,95,26,4.5,7.3,-15,28.1,183,12
07/08/15,19:00,40.3,11,5.6,1005.8,5,20,3.9,7.2,-18.6,28,16,1
07/08/15,20:00,40.2,11,5.7,1006.2,0,0,2.7,4.7,-12.5,27.9,0,0
07/08/15,21:00,39.9,11,5.6,1006.8,0,352,2.6,4.9,3.9,27.9,0,0
07/08/15,22:00,35.1,29,10.7,1006.8,0,25,2.5,4.8,23.4,27.8,0,0
07/08/15,23:00,32.7,35,11.9,1007.1,0,35,2.2,8.5,35,27.8,0,0
07/08/15,24:00,36.1,21,8.4,1007,0,28,4.2,7.7,46.6,27.7,0,0
08/08/15,01:00,31.4,37,11.9,1007.4,0,25,2.8,5.1,54.1,27.6,0,0
08/08/15,02:00,31.5,34,11.2,1007.3,0,28,2.7,4.7,50.8,27.6,0,0
08/08/15,03:00,31.3,36,11.5,1007.4,0,35,3.5,5.1,40,27.6,0,0
08/08/15,04:00,32.9,26,9.4,1007.7,0,38,4.9,6.2,24.6,27.5,0,0
08/08/15,05:00,32.3,28,9.6,1008.1,0,36,4.7,5.9,9.1,27.4,0,0
08/08/15,06:00,31.3,34,11,1008.6,29,34,4.2,5.6,-5,27.4,78,4
08/08/15,07:00,32.6,27,9.5,1009.4,153,32,5.5,8.4,-15,27.3,388,19
08/08/15,08:00,32.1,32,11,1009.8,400,38,7.1,8.7,-16.1,27.3,784,45
08/08/15,09:00,32.5,33,11.5,1010,630,39,7.3,8.7,-10.6,27.4,1162,74
08/08/15,10:00,34.1,28,10.3,1009.8,789,42,7.5,9.1,.1,27.4,1470,101
08/08/15,11:00,35.2,25,10.1,1009.3,876,46,6.5,8.3,14,27.6,1679,125
08/08/15,12:00,37.1,19,8.4,1008.5,907,51,5.5,6.9,29,27.7,1772,139
08/08/15,13:00,38.4,16,7.3,1007.9,873,64,4,5.4,40,27.9,1742,139
08/08/15,14:00,37.9,19,8.4,1007.3,800,118,1.8,3.6,36.8,28.4,1592,122
08/08/15,15:00,39.2,14,6.6,1006.8,682,211,1.6,2.6,33.3,28.2,1325,96
08/08/15,16:00,38.6,18,8.8,1006.4,518,133,2.9,7.4,23.3,28.3,971,66
08/08/15,17:00,39.2,18,8.9,1006.2,321,39,6.5,9.8,6.5,28.5,576,35
08/08/15,18:00,38.7,20,9.3,1006.1,91,34,5.8,8.7,-6.6,28.3,176,12
08/08/15,19:00,41.6,11,5.9,1006.5,5,17,3.9,7.2,-13.8,28.2,15,1
08/08/15,20:00,41.4,10,5.5,1007.1,0,9,2.7,5.7,-16.1,28.1,0,0
08/08/15,21:00,40.6,12,6,1007.8,0,358,3.2,9.7,-12.2,28.1,0,0
08/08/15,22:00,38.8,17,8.2,1008.3,0,15,5.4,10.1,-2,28,0,0
08/08/15,23:00,37.8,21,9.4,1008.6,0,360,5.5,11.2,12,27.9,0,0
08/08/15,24:00,36.7,22,9.4,1008.6,0,15,4.7,10.2,27.6,27.6,0,0
09/08/15,01:00,35.3,24,9.8,1008.8,0,32,2.2,5.3,42.1,27.5,0,0
09/08/15,02:00,33.9,29,10.8,1008.9,0,48,2.4,5.8,46.3,27.7,0,0
09/08/15,03:00,33.5,28,10.1,1009.1,0,41,3.4,6.4,43.2,27.6,0,0
09/08/15,04:00,33.8,24,9,1009.5,0,29,2.4,6.6,34.8,27.6,0,0
09/08/15,05:00,33.4,25,8.9,1009.9,0,16,3.4,7.2,24.3,27.4,0,0
09/08/15,06:00,29.4,43,12.4,1010.6,29,53,5.3,7.6,10.7,27.3,79,4
09/08/15,07:00,29.9,44,13.1,1010.9,153,18,2.7,6.4,-2.8,27.3,395,19
09/08/15,08:00,30.4,42,13.1,1010.9,402,33,5.5,8.1,-12.6,27.3,792,45
09/08/15,09:00,31.1,40,13,1011,627,37,5.8,7.3,-16.2,27.3,1161,73
09/08/15,10:00,32.3,36,12.4,1010.7,778,50,6.5,8.3,-12.4,27.4,1463,100
09/08/15,11:00,34.9,26,10.3,1010.1,857,50,7.6,9.3,-2.9,27.5,1657,122
09/08/15,12:00,36.6,22,9.3,1009.5,883,44,7.4,10.1,10.4,27.6,1745,135
09/08/15,13:00,36.9,22,9.5,1008.8,852,47,8.2,10.7,24.2,27.8,1720,136
09/08/15,14:00,37.1,22,9.9,1008.1,790,45,7.6,9.8,31,28.2,1583,121
09/08/15,15:00,37,24,10.3,1007.6,679,43,7,10.1,42.6,27.9,1326,96
09/08/15,16:00,40.8,13,6.6,1007.3,532,2,4.2,10.1,40.2,27.9,998,68
09/08/15,17:00,41.7,9,5.1,1007.3,341,348,4.3,9.7,32,27.8,611,37
09/08/15,18:00,40.8,10,5.5,1007.5,94,352,4.6,10.6,19.6,27.7,182,12
09/08/15,19:00,39.2,13,6.5,1008.2,4,347,5.7,13.4,5.1,27.6,14,1
09/08/15,20:00,37.7,14,6.4,1009,0,338,5,10.7,-6.7,27.6,0,0
09/08/15,21:00,37,13,5.8,1010,0,2,4.3,8.8,-12.3,27.5,0,0
09/08/15,22:00,36.2,15,6.4,1010.4,0,7,4,7.4,-9.9,27.5,0,0
09/08/15,23:00,34.9,19,7.6,1010.7,0,349,3.1,6.9,-2.7,27.5,0,0
09/08/15,24:00,33.9,22,8.3,1010.6,0,352,3,6.3,9,27.4,0,0
10/08/15,01:00,33.2,23,8.4,1010.3,0,4,2.7,4.7,22.1,27.4,0,0
10/08/15,02:00,32.8,25,8.6,1010,0,344,2.7,5.3,34.3,27.5,0,0
10/08/15,03:00,30.8,35,10.9,1010,0,18,2.7,4.8,43.2,27.5,0,0
10/08/15,04:00,29.4,36,10.6,1010.2,0,28,2.2,4.5,45.3,27.5,0,0
10/08/15,05:00,28.7,45,12.7,1010.3,0,33,1.8,3.4,38.8,27.5,0,0
10/08/15,06:00,28.1,49,13.4,1010.7,29,48,1.5,3.7,26.6,27.5,79,4
10/08/15,07:00,28.5,45,12.6,1010.9,155,44,2.4,4.2,11.8,27.5,391,19
10/08/15,08:00,29.6,44,13,1010.9,413,45,3.9,6.6,-3.1,27.5,806,46
10/08/15,09:00,30.7,39,12.2,1010.9,647,48,5.7,7,-14.8,27.6,1188,76
10/08/15,10:00,32.2,31,10.7,1010.6,797,52,6.7,8.6,-20.6,27.7,1488,103
10/08/15,11:00,33.3,27,9.9,1010.3,876,48,7.2,9.3,-18.1,27.8,1688,127
10/08/15,12:00,34.6,24,9.3,1009.7,893,46,7.3,9.4,-9.3,27.9,1766,139
10/08/15,13:00,34.8,26,10.1,1009.1,860,47,7.6,10.1,3.7,28.2,1736,138
10/08/15,14:00,35.4,25,10,1008.4,797,45,7,9.5,17.4,28.3,1592,122
10/08/15,15:00,36.3,23,9.7,1007.7,680,46,6.9,9.1,31,28.2,1323,96
10/08/15,16:00,37.2,21,9.2,1007.3,520,43,5.6,7.6,39.7,28,976,66
10/08/15,17:00,39.1,16,7.7,1007.2,322,23,5.1,10.2,38.9,28.1,583,35
10/08/15,18:00,40,13,6.7,1007.6,89,349,4.9,10.5,30.6,28,174,11
10/08/15,19:00,38.9,15,7.2,1008.3,4,345,5,11.3,16.7,27.9,13,1
10/08/15,20:00,37.9,15,7,1009.1,0,355,4.7,10.3,1.2,27.9,0,0
10/08/15,21:00,37.3,16,7,1009.8,0,352,3.4,7.1,-9.7,27.9,0,0
10/08/15,22:00,36.4,17,7.1,1010.2,0,338,3,5.7,-15.6,27.8,0,0
10/08/15,23:00,34.2,24,8.9,1010.1,0,10,1.3,3.8,-15.5,27.8,0,0
10/08/15,24:00,32.8,30,10.7,1010.1,0,33,1.5,2.7,-7.6,27.8,0,0
11/08/15,01:00,30.3,45,13.9,1010,0,38,1.5,2.8,4.7,27.8,0,0
11/08/15,02:00,30.5,35,10.8,1009.9,0,21,1.6,2.9,17.4,27.8,0,0
11/08/15,03:00,30.8,29,9.2,1009.8,0,30,2.2,3.1,29.7,27.7,0,0
11/08/15,04:00,29.8,37,11,1009.9,0,37,2.6,4.1,40.6,27.7,0,0
11/08/15,05:00,30.3,36,11.1,1010.1,0,44,3.5,5,44,27.7,0,0
11/08/15,06:00,29.9,39,11.7,1010.5,29,53,4.6,6.3,38,27.6,79,4
11/08/15,07:00,28.9,50,14.1,1011,156,43,3.7,5.2,25.9,27.6,396,19
11/08/15,08:00,29.5,47,13.8,1011.1,400,38,5.1,8.1,10.9,27.7,788,45
11/08/15,09:00,30.4,43,13.2,1010.9,629,44,6.2,7.6,-5.5,27.7,1166,74
11/08/15,10:00,31.4,38,12.6,1010.9,782,54,5.5,7.2,-18.6,27.8,1473,101
11/08/15,11:00,32.3,36,12.2,1010.6,858,66,3.8,5.7,-24.4,27.8,1669,124
11/08/15,12:00,33,34,11.9,1009.9,880,72,2.1,3.4,-22.6,28.1,1753,136
11/08/15,13:00,35.3,24,9.8,1009.1,842,72,1.6,3.5,-19.9,28.9,1717,135
11/08/15,14:00,36.4,25,10.7,1008.2,776,57,4,7.8,-2.2,28.5,1565,118
11/08/15,15:00,36.9,24,10.6,1007.5,666,46,6.5,9.7,12.9,29.1,1306,94
11/08/15,16:00,37.6,23,10.4,1007.2,506,38,4.9,9.6,24.7,29.5,959,64
11/08/15,17:00,41.3,13,7.1,1007.5,310,357,4.5,9.7,33.2,29.3,566,34
11/08/15,18:00,40.4,14,7.3,1007.9,87,353,4.9,8.9,34.9,29,171,11
11/08/15,19:00,39.4,16,8.1,1008.4,3,346,4.2,10,27.7,28.7,12,1
11/08/15,20:00,38.3,20,9.3,1009.1,0,347,4.7,11,15.5,28.5,0,0
11/08/15,21:00,37.4,22,9.8,1010,0,356,4.4,10.4,.6,28.4,0,0
11/08/15,22:00,35.9,23,9.6,1010.6,0,18,5.7,9.4,-11.7,28.2,0,0
11/08/15,23:00,35.4,23,9.4,1010.8,0,8,3.7,7.2,-17.8,28.2,0,0
11/08/15,24:00,34.7,25,9.6,1010.8,0,9,2.3,4.6,-16.7,28.1,0,0
12/08/15,01:00,34.7,24,9.3,1010.5,0,357,2.3,4,-8.4,28.1,0,0
12/08/15,02:00,34.2,25,9.3,1010.4,0,343,2.3,4.5,4.3,28,0,0
12/08/15,03:00,33,30,10.4,1010.5,0,12,2.7,5,19.9,28,0,0
12/08/15,04:00,31.5,33,10.9,1010.7,0,28,3.8,5.6,34.2,28,0,0
12/08/15,05:00,30,46,13.9,1010.9,0,46,5.2,8,43.6,27.9,0,0
12/08/15,06:00,28.5,60,16.6,1011.3,27,58,7.3,8.9,45.5,27.9,70,4
12/08/15,07:00,28.4,62,17.1,1011.9,149,44,6.5,8.2,38.1,27.9,373,18
12/08/15,08:00,28.8,60,17.1,1012,388,44,6.5,8.4,24.5,27.9,772,43
12/08/15,09:00,29.6,56,16.4,1012,616,46,6.6,8.2,8,27.9,1152,72
12/08/15,10:00,30.5,49,15.3,1011.8,771,50,6,7.6,-8.6,28,1468,101
12/08/15,11:00,32,40,13.2,1011.3,852,54,4.6,6.1,-21.5,28.1,1671,124
12/08/15,12:00,33.2,35,12.5,1010.6,877,56,4.7,6.4,-27.9,28.2,1759,137
12/08/15,13:00,33.5,35,12.7,1009.6,844,61,4,6.2,-22.1,28.5,1727,137
12/08/15,14:00,34.8,31,12,1008.6,778,57,3.6,6.4,-9.8,28.7,1578,120
12/08/15,15:00,37.2,22,9.5,1007.8,673,166,2.6,10.3,5.7,28.9,1325,97
12/08/15,16:00,40,14,6.9,1007.3,520,300,2.7,8.8,22.3,28.9,984,67
12/08/15,17:00,39.8,14,6.9,1007,327,340,3.1,11,37.5,28.7,594,36
12/08/15,18:00,39,14,6.7,1006.8,87,4,3.9,7.8,44.6,28.7,172,12
12/08/15,19:00,38.2,13,6.2,1007.1,3,2,3.8,7.8,41.5,28.6,12,1
12/08/15,20:00,37.8,14,6.2,1007.5,0,338,3.6,7.2,31.1,28.3,0,0
12/08/15,21:00,36.7,18,7.9,1008.1,0,346,3.5,7.2,16.2,28.2,0,0
12/08/15,22:00,35,24,9.3,1008.7,0,3,4.4,8.9,.5,28.2,0,0
12/08/15,23:00,33.9,23,8.6,1008.9,0,10,4,8.7,-12,28.1,0,0
12/08/15,24:00,33.2,24,8.6,1009.1,0,1,3,6,-18.9,28,0,0
13/08/15,01:00,31.9,28,9.5,1009.1,0,355,2.4,5.3,-16,27.9,0,0
13/08/15,02:00,30.8,33,10.5,1008.9,0,359,2.1,4,-5,27.9,0,0
13/08/15,03:00,28.9,48,13.8,1008.9,0,27,5,7.9,10.2,27.9,0,0
13/08/15,04:00,28.4,51,14.2,1008.8,0,33,4,6.7,25.9,27.9,0,0
13/08/15,05:00,27.8,56,14.9,1008.9,0,43,5.3,7.6,37.5,27.8,0,0
13/08/15,06:00,27.2,59,15.3,1009.1,30,37,5.9,8.5,44.5,27.8,82,4
13/08/15,07:00,27.2,59,15.4,1009.4,160,43,6.7,8.3,45.9,27.8,422,20
13/08/15,08:00,27.7,58,15.7,1009.5,421,45,7.6,10.9,37.8,27.8,824,47
13/08/15,09:00,28.3,56,15.5,1009.7,654,45,8.7,12.2,20.7,27.8,1203,78
13/08/15,10:00,29.3,51,14.9,1009.2,804,47,8.3,10.4,2.5,27.8,1512,106
13/08/15,11:00,30.7,43,13.6,1008.6,884,47,8.3,11.1,-13.1,28,1712,130
13/08/15,12:00,32,35,11.9,1007.6,904,48,8.5,11.6,-22.6,28.1,1793,143
13/08/15,13:00,33.2,32,11.5,1006.7,867,48,8.7,11,-22.2,28.1,1757,141
13/08/15,14:00,34.3,28,10.5,1006,803,46,9,11.2,-14.3,28.2,1610,125
13/08/15,15:00,35.4,24,9.6,1005.3,694,42,9.3,11.9,.7,28.2,1350,100
13/08/15,16:00,36,22,9.2,1004.8,535,39,9.4,12.5,19.1,28,1002,69
13/08/15,17:00,36,24,9.9,1004.7,336,36,8.6,12,35.2,28,601,36
13/08/15,18:00,36.9,20,8.7,1004.8,88,28,7.3,11.8,45.3,28.1,170,12
13/08/15,19:00,37,19,8.3,1005,3,20,5.6,10.7,47.8,27.9,12,1
13/08/15,20:00,36.7,20,8.5,1005.7,0,9,4.2,8.7,41.3,27.9,0,0
13/08/15,21:00,36.1,23,9.4,1006.2,0,346,3.8,7.6,27.5,27.8,0,0
13/08/15,22:00,34.4,29,11.1,1006.5,0,325,4.2,8,13.3,27.8,0,0
13/08/15,23:00,33.7,30,11.2,1006.8,0,332,4.3,8,.1,27.7,0,0
13/08/15,24:00,32.9,33,11.7,1007.3,0,340,3.9,7.2,-12.1,27.7,0,0
14/08/15,01:00,32,38,12.7,1007.4,0,337,3.4,6.6,-13.9,27.5,0,0
14/08/15,02:00,31.4,40,13,1007.3,0,353,2.3,4.7,-5.2,27.4,0,0
14/08/15,03:00,30.7,42,13.1,1007.3,0,351,2.5,4.9,7.5,27.4,0,0
14/08/15,04:00,30.2,45,13.7,1007.7,0,16,3.6,6.5,20.6,27.4,0,0
14/08/15,05:00,29,53,15,1007.8,0,30,5.2,7.9,32.6,27.4,0,0
14/08/15,06:00,28.5,55,15.2,1007.9,27,32,6.3,9.6,42.6,27.4,73,4
14/08/15,07:00,27.7,60,15.9,1008.3,152,37,8.4,10.8,48.2,27.5,390,19
14/08/15,08:00,28.2,58,15.8,1008.5,403,39,9.1,11.9,46.2,27.4,793,45
14/08/15,09:00,28.9,56,15.9,1008.5,630,40,9.5,11.6,33.9,27.3,1170,74
14/08/15,10:00,30,51,15.3,1008,779,42,9.8,12.7,16.7,27.4,1478,102
14/08/15,11:00,31.3,45,14.7,1007.4,859,43,9.1,11.6,.9,27.4,1682,126
14/08/15,12:00,32.8,39,13.6,1006.5,884,44,9,11.3,-12,27.5,1768,139
14/08/15,13:00,34,34,12.7,1005.9,852,46,8.8,11,-19.1,27.6,1737,138
14/08/15,14:00,35.4,29,11.7,1005.2,789,44,9,11.8,-15.5,27.6,1590,122
14/08/15,15:00,36.5,24,10.3,1004.4,686,42,9.4,12.8,-4.3,27.6,1337,98
14/08/15,16:00,37.5,20,9,1004,526,37,9.4,13.1,13.2,27.5,983,67
14/08/15,17:00,38.3,16,7.5,1003.8,326,32,9,15.3,31.2,27.5,581,35
14/08/15,18:00,38.5,14,6.5,1004,82,27,7.8,12.8,45.7,27.3,161,11
14/08/15,19:00,38.1,14,6.2,1004.7,3,24,6.3,11.7,50.5,27.3,10,1
14/08/15,20:00,37.7,15,6.9,1005.4,0,22,4.6,8.7,46.8,27.3,0,0
14/08/15,21:00,36.7,21,8.9,1006.1,0,9,3.6,8.6,37.9,27.3,0,0
14/08/15,22:00,34.8,30,11.6,1006.7,0,336,4,9.4,23.1,27.2,0,0
14/08/15,23:00,33.9,31,11.7,1007,0,330,3.7,7.4,5.6,27.2,0,0
14/08/15,24:00,32.9,34,11.9,1007.2,0,340,3.4,6.9,-7.3,27.2,0,0
15/08/15,01:00,31.4,38,12.4,1007.4,0,327,4.4,7.6,-16.1,27.3,0,0
15/08/15,02:00,31,36,11.5,1007.4,0,327,3.9,7.3,-15.2,27.2,0,0
15/08/15,03:00,30.3,38,11.6,1007.6,0,350,2.9,5.8,-3.7,27.1,0,0
15/08/15,04:00,28.8,47,13.4,1007.8,0,26,2.4,4.3,12.5,27.1,0,0
15/08/15,05:00,29.8,39,11.7,1007.7,0,346,3,6,26.8,27.1,0,0
15/08/15,06:00,28.4,49,13.6,1008.2,27,30,3.4,5.9,37,27,68,4
15/08/15,07:00,29.3,47,13.7,1008.4,167,29,4.8,8,46.4,27,374,19
15/08/15,08:00,29.4,49,14.3,1008.3,405,40,7.8,10.6,48.6,27,775,44
15/08/15,09:00,29.8,46,13.9,1008.2,625,46,8.3,10.4,39.3,27.1,1159,74
15/08/15,10:00,31.3,39,12.7,1007.8,774,42,9.1,12.7,23.7,27.1,1465,100
15/08/15,11:00,32.8,32,11.3,1007.2,864,44,9.9,13,6.1,27.2,1668,124
15/08/15,12:00,34.2,29,10.9,1006.2,934,46,9.6,12.5,-10.8,27.4,1752,136
15/08/15,13:00,35.7,24,9.6,1005.1,869,44,10,13,-21.6,27.5,1717,135
15/08/15,14:00,37.2,19,8.2,1004.3,778,41,10.1,13.1,-22.6,27.4,1566,119
15/08/15,15:00,38,17,7.8,1003.7,665,39,10.3,14.3,-12.4,27.4,1305,94
15/08/15,16:00,39.1,14,6.6,1003.3,511,33,10.1,15.2,3.8,27.3,952,64
15/08/15,17:00,39.5,12,5.9,1003.3,308,30,9.1,14.8,22.4,27.2,553,33
15/08/15,18:00,39.3,11,5.3,1003.4,79,27,7.2,12.4,39,27.1,156,10
15/08/15,19:00,39.1,12,5.6,1003.6,3,21,5.3,10.2,50,27,10,1
15/08/15,20:00,38.9,14,6.7,1004.2,0,17,4.8,8.9,51.2,26.9,0,0
15/08/15,21:00,37.5,22,10,1005.1,0,13,4.6,8.9,44.2,26.9,0,0
15/08/15,22:00,36.7,28,11.8,1005.8,0,3,4.5,9.7,30.7,26.9,0,0
15/08/15,23:00,35.5,30,11.9,1006.1,0,11,4.9,10.1,14.5,26.8,0,0
15/08/15,24:00,34.8,30,11.7,1006.1,0,7,4.6,8.9,-.9,26.8,0,0
16/08/15,01:00,34.1,31,11.6,1006.1,0,13,4.2,7.4,-12.1,26.8,0,0
16/08/15,02:00,30.1,50,15.2,1006.2,0,35,3.7,7.3,-15.1,26.7,0,0
16/08/15,03:00,30.9,43,13.6,1006.2,0,33,4.3,6.3,-9,26.7,0,0
16/08/15,04:00,30.9,40,12.7,1006,0,36,4.4,8.2,3.6,26.9,0,0
16/08/15,05:00,28.7,53,15,1006.1,0,32,5.2,7.4,16.4,27.1,0,0
16/08/15,06:00,29.4,42,12.4,1006.3,28,22,4.8,7.5,31.6,27,66,4
16/08/15,07:00,29.2,46,13.3,1006.7,167,32,6.5,8.9,42.1,27.1,369,18
16/08/15,08:00,31.1,36,11.6,1006.8,399,31,6.8,10.3,46.1,27.2,760,44
16/08/15,09:00,31.7,36,11.9,1006.9,612,37,8.7,11.5,41.3,27.2,1133,72
16/08/15,10:00,32.2,36,12.3,1006.6,760,44,7.9,10.5,31.6,27.1,1435,98
16/08/15,11:00,33.3,34,12.1,1005.8,848,41,7,9.2,16.3,27.2,1640,121
16/08/15,12:00,35.3,28,11.1,1004.6,920,47,7.5,9.1,.5,27.4,1727,133
16/08/15,13:00,37.6,21,9.6,1003.7,858,45,7.3,9,-13.7,27.5,1696,132
16/08/15,14:00,38.7,19,9,1002.9,769,48,7.6,10,-21.5,27.6,1550,117
16/08/15,15:00,39.6,17,8.5,1002.4,655,43,8.6,11.4,-18.8,27.6,1287,92
16/08/15,16:00,40.6,14,7.5,1002.2,504,39,8.3,11.3,-7.3,27.5,972,65
16/08/15,17:00,41.4,13,7.2,1001.9,308,33,7.6,11.2,12,27.2,601,36
16/08/15,18:00,42,11,6.3,1001.7,79,25,7,11.5,31,27.3,166,12
16/08/15,19:00,41.4,11,6,1001.9,3,21,5.4,9.1,45.7,27.2,10,1
16/08/15,20:00,41.2,10,5.6,1002.3,0,14,4,8.1,51.5,27.3,0,0
16/08/15,21:00,36.8,22,9.2,1003.1,0,32,3.6,7.9,48.9,27.4,0,0
16/08/15,22:00,37.7,16,7.5,1003.7,0,36,4.5,7.5,39.9,27.2,0,0
16/08/15,23:00,35.5,26,10.5,1004,0,39,3,5.3,24.4,27.2,0,0
16/08/15,24:00,33.8,31,11.3,1004.2,0,31,3,5.6,7,27.2,0,0
17/08/15,01:00,37,19,8.1,1004.2,0,20,2.3,6.6,-7.2,27.3,0,0
17/08/15,02:00,35.1,26,9.9,1004.5,0,27,3.3,7,-16.7,27.4,0,0
17/08/15,03:00,34.3,28,10,1004.4,0,23,3.1,7.5,-12.6,27.2,0,0
17/08/15,04:00,31.3,38,12.1,1004.5,0,31,4.4,8.2,.2,27.2,0,0
17/08/15,05:00,31.2,41,12.9,1004.5,0,41,4.2,7.8,15.5,27.2,0,0
17/08/15,06:00,30.9,36,11.4,1004.9,33,22,3.5,5.8,30,27.2,68,4
17/08/15,07:00,31.1,38,12,1005.2,200,35,4.1,6.4,41.8,27.2,393,20
17/08/15,08:00,33.1,30,10.8,1005.2,420,36,5.7,7.5,50.7,27.2,828,48
17/08/15,09:00,33.3,32,11.6,1005.2,623,47,6.5,8.4,51.4,27.1,1229,83
17/08/15,10:00,34.2,31,11.6,1004.9,785,44,7.1,9.5,41,27.2,1541,116
17/08/15,11:00,36.1,25,10.5,1004.4,899,44,8.5,10.3,27,27.3,1754,142
17/08/15,12:00,37,24,10.4,1003.4,949,46,8.7,10.8,9.3,27.6,1846,156
17/08/15,13:00,38,21,9.8,1002.6,927,46,8.4,10.1,-6.3,27.8,1810,153
17/08/15,14:00,38.9,20,9.8,1001.9,845,45,8,10.1,-17.3,28,1657,135
17/08/15,15:00,39.4,20,10,1001.4,697,45,8,10.9,-16.4,27.8,1373,104
17/08/15,16:00,40,19,9.7,1001.1,510,45,7.2,10.6,-6.8,27.8,1009,69
17/08/15,17:00,41.1,17,8.9,1000.9,292,39,7.5,12,5.7,27.8,574,35
17/08/15,18:00,42.2,17,9.8,1001.3,76,360,5.5,13.2,23.5,27.6,158,10
17/08/15,19:00,39.6,25,12.3,1002.1,3,335,6.1,13.1,40.9,27.5,8,0
17/08/15,20:00,37.9,27,12.4,1003.1,0,329,5.4,11.7,51.8,27.4,0,0
17/08/15,21:00,36,30,12.4,1004.3,0,330,5.8,10.5,53.9,27.4,0,0
17/08/15,22:00,34.7,32,12.5,1005,0,329,5.2,10.4,48,27.2,0,0
17/08/15,23:00,33.8,34,12.7,1005.2,0,324,4.6,10,35.4,27.2,0,0
17/08/15,24:00,33.2,36,13,1005.4,0,321,4.5,9.3,21.9,26.9,0,0
18/08/15,01:00,32.4,41,14.2,1005.8,0,327,4.3,8.6,6.1,26.8,0,0
18/08/15,02:00,32.6,39,13.7,1005.4,0,335,3.3,6.4,-4.5,26.7,0,0
18/08/15,03:00,31.4,46,15.1,1005.6,0,324,4.1,8,-8.6,26.7,0,0
18/08/15,04:00,30.9,49,15.6,1005.7,0,330,3,7.4,-1.6,26.6,0,0
18/08/15,05:00,30.8,48,15.1,1005.7,0,351,2.3,5.3,12.8,26.5,0,0
18/08/15,06:00,30.7,48,15,1005.7,29,17,3.2,7.7,28.1,26.5,62,4
18/08/15,07:00,30.2,52,15.9,1005.8,185,33,6.6,11.1,41.9,26.6,368,19
18/08/15,08:00,31,49,15.6,1005.7,400,33,8.7,12.8,50.3,26.7,792,46
18/08/15,09:00,30.9,51,16.2,1005.8,604,41,9.6,12.5,53,26.7,1196,80
18/08/15,10:00,31.3,50,16.2,1005.5,767,42,9.6,12,48.2,26.7,1515,113
18/08/15,11:00,32.3,47,16.2,1004.9,876,42,9.8,12.9,36.7,26.9,1723,139
18/08/15,12:00,33.4,44,15.9,1004.4,920,43,9.3,11.4,20.1,27.1,1808,151
18/08/15,13:00,34.4,40,15.2,1003.9,898,41,9,11.4,4,27.2,1776,148
18/08/15,14:00,35.6,35,14.2,1003.2,815,41,8.9,11.1,-7.7,27.2,1618,129
18/08/15,15:00,36.5,32,13.8,1002.9,674,42,8.1,10.2,-12.7,27.2,1340,100
18/08/15,16:00,36.5,31,13.3,1002.9,484,40,6.8,9.4,-9.9,27.2,961,65
18/08/15,17:00,38.9,24,11.3,1002.6,280,36,6.8,10.3,.4,27.1,547,33
18/08/15,18:00,39.5,22,10.7,1002.8,75,32,6.1,9.1,17.2,27.1,156,10
18/08/15,19:00,39.1,24,11.9,1003.5,2,351,4.2,8.5,33.2,27.1,8,0
18/08/15,20:00,37,30,13.2,1004.4,0,326,5.4,10.8,46.1,26.9,0,0
18/08/15,21:00,35.6,34,13.7,1005.3,0,325,5.7,10.3,53.8,26.8,0,0
18/08/15,22:00,34.3,37,14.1,1006.1,0,314,5.3,10.4,52.2,26.7,0,0
18/08/15,23:00,33.5,39,14.3,1006.3,0,310,5.2,9.4,44,26.6,0,0
18/08/15,24:00,33.2,41,14.6,1006.5,0,323,4.7,8.6,30,26.6,0,0
19/08/15,01:00,32.7,43,15,1006.6,0,329,4,7.7,14.6,26.6,0,0
19/08/15,02:00,32.5,42,14.7,1006.5,0,332,3.7,6.7,.8,26.6,0,0
19/08/15,03:00,31.9,46,15.4,1006.4,0,349,3.3,7,-7.8,26.6,0,0
19/08/15,04:00,30.3,55,17,1006.7,0,31,4,6.6,-7.4,26.6,0,0
19/08/15,05:00,30.2,54,16.6,1007,0,31,4.4,6.4,1.8,26.6,0,0
19/08/15,06:00,29.8,56,16.8,1007.2,26,33,4,6.1,15.8,26.6,58,4
19/08/15,07:00,29.4,59,17.3,1007.6,178,40,6.4,8.7,30.1,26.6,361,19
19/08/15,08:00,29.9,57,17.1,1007.8,399,38,8.4,11.8,41.4,26.6,786,46
19/08/15,09:00,30.2,55,16.8,1008,598,41,9.5,12,47.5,26.7,1181,78
19/08/15,10:00,30.8,54,16.9,1007.8,756,42,9.1,12,46.9,26.8,1496,110
19/08/15,11:00,31.7,51,17,1007.4,862,47,7.7,9.9,37.9,26.9,1705,136
19/08/15,12:00,32.8,47,16.6,1006.6,909,45,7.3,8.8,26.1,26.9,1797,149
19/08/15,13:00,34,43,16.1,1006,889,44,7.5,9.3,10.3,27.1,1763,146
19/08/15,14:00,36,36,14.8,1005.1,810,43,8.8,11.2,-4.8,27.4,1607,128
19/08/15,15:00,36.8,33,14.4,1004.3,666,42,9.5,11.7,-14.5,27.3,1322,97
19/08/15,16:00,38,30,13.6,1004.1,478,38,9.2,12,-15,27.4,945,63
19/08/15,17:00,40,24,12,1004,268,28,8.4,12.9,-6.5,27.2,522,32
19/08/15,18:00,40.1,22,11.2,1004.4,68,23,7.9,14.1,7,27.2,144,10
19/08/15,19:00,39.9,22,11.3,1005,2,8,5,10.2,21.6,27.1,7,0
19/08/15,20:00,38.1,29,13.3,1006.2,0,336,4.9,9.8,35.9,27,0,0
19/08/15,21:00,36.2,29,12.3,1007,0,332,5.6,10.5,44.6,27,0,0
19/08/15,22:00,35,32,12.5,1007.9,0,328,5,9.5,48.5,27,0,0
19/08/15,23:00,34.2,33,12.5,1008.2,0,332,4.6,8.1,45.5,26.9,0,0
19/08/15,24:00,33.8,34,12.5,1008.5,0,338,3.8,6.8,33.5,26.9,0,0
20/08/15,01:00,32.7,36,12.7,1008.8,0,338,4.5,8.2,17.6,26.8,0,0
20/08/15,02:00,31.6,41,13.4,1008.9,0,328,4.2,8.2,3.1,26.8,0,0
20/08/15,03:00,30.6,40,12.5,1009.1,0,328,5,9.8,-6.4,26.8,0,0
20/08/15,04:00,30.3,43,13.2,1009.3,0,331,4.4,8.1,-8.9,26.8,0,0
20/08/15,05:00,30.3,44,13.5,1009.8,0,354,3.7,7.5,-3.6,26.7,0,0
20/08/15,06:00,29.6,48,14.2,1010,24,22,4.8,8.1,7.3,26.7,54,4
20/08/15,07:00,28.9,54,15.3,1010.3,167,39,7.5,10.9,19.8,26.7,343,19
20/08/15,08:00,29.1,53,15.3,1010.6,385,40,9.7,12.7,31.6,26.7,758,44
20/08/15,09:00,30.6,46,14.4,1010.3,589,33,8.8,12.2,40,26.7,1163,76
20/08/15,10:00,30.8,46,14.7,1009.8,754,42,10.6,13.4,44.2,26.8,1489,109
20/08/15,11:00,32,40,13.7,1009.1,864,44,10.5,13.3,40.9,26.9,1706,136
20/08/15,12:00,33.4,37,13.3,1008.1,904,42,10.8,13.6,31.6,27,1788,147
20/08/15,13:00,34.6,33,12.7,1007.3,880,44,10.6,13.5,18.7,27.1,1746,143
20/08/15,14:00,35.6,30,12.1,1006.8,799,42,10.4,13.4,3.6,27.4,1588,125
20/08/15,15:00,37.4,23,10.4,1006.4,666,37,11.1,16.2,-6.7,27.3,1315,97
20/08/15,16:00,38.7,17,8.2,1005.9,486,31,10.4,15.1,-7.6,27.1,949,63
20/08/15,17:00,39.4,13,6.6,1005.5,276,26,8.7,14.6,-2.5,27,529,32
20/08/15,18:00,39.4,10,5.2,1005.7,68,23,7.6,13.1,6.1,26.9,142,10
20/08/15,19:00,38.9,13,6.1,1005.9,2,22,6.6,10.9,17.9,26.8,6,0
20/08/15,20:00,38.2,17,7.9,1006.5,0,22,5.1,9.4,30.8,26.8,0,0
20/08/15,21:00,36.7,23,9.8,1007,0,24,4.2,6.5,42.5,26.8,0,0
20/08/15,22:00,36.4,19,8.1,1007.5,0,331,3.4,6.4,50.3,26.8,0,0
20/08/15,23:00,35.1,23,9.2,1007.7,0,333,4,7.8,50.2,26.8,0,0
20/08/15,24:00,33.6,30,10.9,1007.8,0,332,4.7,8,41.2,26.8,0,0
21/08/15,01:00,32.7,33,11.5,1007.7,0,331,5.2,8.8,28.8,26.8,0,0
21/08/15,02:00,31.9,37,12.2,1007.8,0,334,4.8,8.4,16.1,26.7,0,0
21/08/15,03:00,30.9,42,13.4,1007.9,0,336,4.7,9.2,5.5,26.7,0,0
21/08/15,04:00,30.5,44,13.6,1008,0,347,3.4,7.3,-.7,26.7,0,0
21/08/15,05:00,29.7,48,14.3,1008.3,0,344,3.6,6.9,-.3,26.7,0,0
21/08/15,06:00,28.8,52,14.7,1008.8,24,346,3.7,6.8,6.9,26.7,57,4
21/08/15,07:00,29.3,50,14.4,1009.1,168,1,3.9,8.4,16.5,26.7,357,19
21/08/15,08:00,29.9,48,14.5,1009.1,396,14,5.7,11.3,26.2,26.7,782,46
21/08/15,09:00,29,56,16.1,1009.1,606,41,9.2,12,36,26.7,1185,79
21/08/15,10:00,29.6,55,16.2,1008.6,766,42,9.6,12.2,44.1,26.7,1502,112
21/08/15,11:00,30.8,50,15.9,1007.7,870,41,9.8,12.2,47.3,26.8,1711,137
21/08/15,12:00,32.1,45,15.3,1006.7,912,42,10.3,12.8,42.4,27,1800,149
21/08/15,13:00,33.5,37,13.5,1006,894,43,10.4,14.4,34,27.1,1772,147
21/08/15,14:00,34.6,31,12.1,1005.4,815,42,10.3,13.8,22,27.3,1615,129
21/08/15,15:00,36.1,26,10.9,1004.6,680,38,10.3,14.3,11.2,27.3,1338,99
21/08/15,16:00,37.3,21,9.5,1004,496,35,10.4,14,3.9,27.2,966,65
21/08/15,17:00,38.1,19,8.9,1003.8,282,30,9.6,14.2,4.8,27,540,32
21/08/15,18:00,37.8,20,9.1,1004.1,65,29,8.2,13.8,10.8,26.9,138,10
21/08/15,19:00,37.6,20,9.1,1004.6,2,20,5.7,10.5,20.5,26.8,6,0
21/08/15,20:00,36.3,27,11.3,1005.5,0,340,4.3,8.6,30.4,26.8,0,0
21/08/15,21:00,34.8,30,11.6,1006.1,0,328,4.8,9.8,41.4,26.7,0,0
21/08/15,22:00,33.6,31,11.3,1006.2,0,327,5,9.8,52.1,26.7,0,0
21/08/15,23:00,32.6,34,11.7,1006.5,0,334,4.4,8.2,55.7,26.7,0,0
21/08/15,24:00,31.6,36,11.8,1006.8,0,333,4.5,8.4,50.6,26.7,0,0
22/08/15,01:00,30.9,36,11.6,1006.7,0,335,4.3,8.4,41.2,26.7,0,0
22/08/15,02:00,30.1,36,10.9,1006.5,0,334,4.3,8.7,31.5,26.6,0,0
22/08/15,03:00,29.6,40,11.7,1006.6,0,334,5,9.4,22.7,26.6,0,0
22/08/15,04:00,29,44,12.8,1006.7,0,336,4.8,8.4,15.4,26.6,0,0
22/08/15,05:00,28.6,48,13.3,1006.5,0,348,4,8.1,12,26.4,0,0
22/08/15,06:00,28.1,51,13.9,1006.7,23,4,3.6,6.9,13.8,26.5,54,4
22/08/15,07:00,28.5,49,13.7,1007,162,10,4.2,8.4,19.4,26.5,345,19
22/08/15,08:00,28.4,53,14.8,1006.9,391,35,7.3,11,27.1,26.5,768,45
22/08/15,09:00,28.5,55,15.3,1006.9,599,40,8.6,11,35.7,26.6,1171,77
22/08/15,10:00,29.1,54,15.7,1006.6,763,44,9.3,11.7,43.9,26.7,1497,111
22/08/15,11:00,30.2,50,15.4,1005.9,866,44,9.7,12.5,49,26.7,1708,136
22/08/15,12:00,31.4,44,14.5,1005.2,910,44,9.7,12.6,49.2,26.9,1800,149
22/08/15,13:00,32.6,38,13.1,1004.4,892,44,9.7,12.2,45.3,27,1766,146
22/08/15,14:00,33.8,32,12,1003.7,812,43,9.5,12.4,37.4,26.9,1604,128
22/08/15,15:00,34.7,29,11.3,1003,674,39,9.7,13,29.6,26.9,1322,98
22/08/15,16:00,35.9,25,10.4,1002.7,487,37,9.8,14.2,22.6,26.9,948,63
22/08/15,17:00,36.7,23,10,1002.7,278,33,9.1,12.8,16.9,26.8,534,32
22/08/15,18:00,37.3,19,8.5,1003,64,26,7.8,13.2,16.6,26.7,136,9
22/08/15,19:00,37,19,8.5,1003.4,1,19,6,10.5,21,26.6,6,0
22/08/15,20:00,36.6,22,9.5,1004,0,353,2.9,6.6,27.2,26.6,0,0
22/08/15,21:00,35,28,11.2,1004.6,0,333,4.2,9.6,37.6,26.5,0,0
22/08/15,22:00,33.8,31,11.4,1004.9,0,329,4.3,8.3,47.8,26.5,0,0
22/08/15,23:00,32.7,33,11.7,1005.1,0,329,4.3,8,53.2,26.5,0,0
22/08/15,24:00,32.2,34,11.5,1005.3,0,334,4.2,8,54.8,26.6,0,0
23/08/15,01:00,31.8,32,10.7,1005.2,0,336,4.2,7.3,52.6,26.5,0,0
23/08/15,02:00,31.4,32,10.5,1004.9,0,337,4.2,7.9,46.4,26.4,0,0
23/08/15,03:00,30.8,34,10.9,1004.8,0,332,4.7,8.2,38.3,26.4,0,0
23/08/15,04:00,30.2,37,11.4,1005.1,0,351,3.4,6.5,29.3,26.4,0,0
23/08/15,05:00,29.5,41,12.2,1005.4,0,342,3.9,7.6,21.6,26.4,0,0
23/08/15,06:00,28.8,46,13.2,1005.9,22,347,3.1,7.8,18,26.3,53,4
23/08/15,07:00,28.7,48,13.4,1006.3,161,356,4,9.5,18.9,26.3,347,19
23/08/15,08:00,29.2,46,13.2,1006.5,388,22,5.6,9.2,22.9,26.3,767,45
23/08/15,09:00,29.1,50,14.2,1006.8,595,32,6.4,11.1,28.9,26.4,1164,77
23/08/15,10:00,29.2,52,15.2,1006.6,758,47,8,10.4,35.9,26.5,1490,110
23/08/15,11:00,30.1,49,15,1006,863,47,8.4,10.2,42.7,26.6,1706,136
23/08/15,12:00,31.2,44,14.3,1005.1,907,48,8.9,11.5,46.3,26.6,1799,149
23/08/15,13:00,32.7,37,13,1004.4,888,46,8.8,11.4,45.5,26.8,1760,146
23/08/15,14:00,33.7,34,12.4,1003.9,806,46,8.3,10.5,40.4,27.1,1597,127
23/08/15,15:00,34.3,32,12.4,1003.3,670,44,8,10.1,33.2,26.9,1322,98
23/08/15,16:00,34.6,32,12.4,1002.8,485,41,7.5,10.2,28.1,26.9,950,63
23/08/15,17:00,35.6,28,11.4,1002.6,274,38,8,11.1,20.5,27,527,31
23/08/15,18:00,36.9,23,9.8,1002.6,62,32,7.2,10.7,14.8,26.8,131,9
23/08/15,19:00,37.4,20,8.7,1003.1,1,26,5.2,9.3,14,26.8,5,0
23/08/15,20:00,37.1,21,9.2,1004,0,358,3.6,7.5,17.3,26.7,0,0
23/08/15,21:00,35.5,28,11.4,1004.5,0,332,4.5,8.9,23.8,26.7,0,0
23/08/15,22:00,34,34,12.8,1004.9,0,318,4.7,8.7,33.8,26.6,0,0
23/08/15,23:00,32.9,38,13.4,1005.2,0,330,4.7,9.5,42.2,26.6,0,0
23/08/15,24:00,31.8,42,14.1,1005.4,0,325,4.5,8.1,47.4,26.6,0,0
24/08/15,01:00,30.6,46,14.6,1005.4,0,328,4.6,8.4,49.6,26.5,0,0
24/08/15,02:00,30,48,14.7,1005.6,0,332,4.6,8.5,47.9,26.5,0,0
24/08/15,03:00,29.1,52,15,1005.9,0,333,4.8,8.8,41.7,26.4,0,0
24/08/15,04:00,28.4,54,15.1,1006.3,0,328,4.7,9.6,34,26.3,0,0
24/08/15,05:00,28.4,51,14.1,1006.8,0,334,5,9.4,24.5,26.4,0,0
24/08/15,06:00,27.7,56,14.8,1007.2,22,333,4.4,7.5,16.4,26.3,53,4
24/08/15,07:00,27.9,54,14.5,1007.8,161,342,4.5,8.9,11.9,26.3,350,19
24/08/15,08:00,28.8,51,14.5,1008,389,1,4.3,8.2,11.3,26.3,772,46
24/08/15,09:00,29.2,51,14.8,1008.1,599,26,5.8,9.7,13.4,26.4,1178,79
24/08/15,10:00,29.4,52,15.2,1007.8,761,43,6.1,8.7,18.9,26.4,1501,112
24/08/15,11:00,29.7,53,15.7,1007.3,866,52,6.8,9.1,26.5,26.6,1716,138
24/08/15,12:00,30.6,48,14.9,1006.5,912,52,7,8.7,34.1,26.6,1810,152
24/08/15,13:00,31.8,41,13.6,1005.8,891,49,7,9.1,36,27.1,1773,148
24/08/15,14:00,33,36,12.8,1005,810,49,7.5,9.6,36.3,27.2,1610,129
24/08/15,15:00,34,32,12.2,1004.3,672,46,7.8,10.2,35.4,27.2,1333,99
24/08/15,16:00,34.5,30,11.7,1003.8,489,42,7.1,9.4,31.6,27,961,64
24/08/15,17:00,36.1,25,10.4,1003.7,283,32,5.5,9.2,24.9,27,549,32
24/08/15,18:00,37.7,17,7.6,1004,58,356,3.8,7.4,16.9,26.9,128,9
24/08/15,19:00,36.6,20,8.4,1004.5,1,343,4,9.1,9.7,26.9,5,0
24/08/15,20:00,35.5,24,9.9,1005.3,0,342,4.1,8.9,7.4,26.8,0,0
24/08/15,21:00,34.7,26,10.1,1006,0,332,4.4,9.7,10.7,26.7,0,0
24/08/15,22:00,33.2,32,11.7,1006.3,0,331,4.8,8.8,16.8,26.7,0,0
24/08/15,23:00,31.5,39,12.9,1006.9,0,337,5,10,24.9,26.7,0,0
24/08/15,24:00,30.4,42,13.1,1007.2,0,349,5.4,10.3,33.6,26.6,0,0
25/08/15,01:00,29.6,46,13.5,1007.2,0,356,4.4,11.2,39.9,26.6,0,0
25/08/15,02:00,28.9,51,14.5,1007.2,0,354,3.7,8.1,42.9,26.6,0,0
25/08/15,03:00,28.2,55,15.1,1007.6,0,5,4.2,8,42.3,26.5,0,0
25/08/15,04:00,27.8,56,15,1007.8,0,3,4,7.7,37.3,26.5,0,0
25/08/15,05:00,27.7,54,14.5,1007.9,0,346,3.5,7.1,29.6,26.5,0,0
25/08/15,06:00,27.5,55,14.5,1008.2,22,348,2.5,5.1,19.5,26.5,53,4
25/08/15,07:00,27.8,55,14.7,1008.3,163,355,2.8,8,9.8,26.5,361,19
25/08/15,08:00,28.3,53,14.7,1008.4,402,6,4,7.9,4.7,26.5,795,47
25/08/15,09:00,28.9,50,14.3,1008.2,616,19,4.6,8,3.1,26.6,1207,81
25/08/15,10:00,28.8,51,14.4,1008.2,782,46,6.2,9.4,5.2,26.6,1537,116
25/08/15,11:00,29.4,48,13.9,1007.6,890,50,6.8,9.8,11.6,26.8,1755,144
25/08/15,12:00,30.5,41,12.6,1006.7,936,50,7.2,9.6,21.4,26.9,1847,157
25/08/15,13:00,31.5,35,11.5,1005.9,921,48,7.6,10.3,30.2,27.1,1815,154
25/08/15,14:00,32.5,32,11,1005,836,48,7.8,9.8,37,27.2,1650,135
25/08/15,15:00,33.1,31,10.9,1004.3,696,44,7.9,12,40.6,27.3,1368,104
25/08/15,16:00,34.2,27,10.2,1004,512,39,7.6,11.3,39.5,27.1,996,68
25/08/15,17:00,35.7,22,8.9,1003.8,304,18,4.8,9.4,34.5,26.9,578,34
25/08/15,18:00,36.2,17,7.2,1004,54,355,3.7,7.5,26,26.8,124,9
25/08/15,19:00,35.4,16,6.4,1004.3,1,343,3.8,8.1,16.4,26.8,5,0
25/08/15,20:00,34.5,16,6.1,1004.9,0,339,4.1,8.7,12.4,26.7,0,0
25/08/15,21:00,33.7,20,7.3,1005.5,0,335,4.2,7.5,10.3,26.7,0,0
25/08/15,22:00,32.6,26,9.2,1005.9,0,338,3.6,7.8,10.6,26.7,0,0
25/08/15,23:00,31.1,34,11.1,1006.5,0,336,3.9,7.4,17.1,26.6,0,0
25/08/15,24:00,30.2,38,11.8,1006.7,0,346,4.2,8.4,28.9,26.6,0,0
26/08/15,01:00,29.5,40,11.7,1006.8,0,356,4.2,7.9,35.9,26.6,0,0
26/08/15,02:00,29.1,40,11.7,1006.7,0,353,4.4,10,42.4,26.6,0,0
26/08/15,03:00,28.8,42,11.9,1006.7,0,356,3.4,6.8,49.4,26.6,0,0
26/08/15,04:00,28.5,44,12.3,1006.7,0,358,3.3,6.4,52,26.5,0,0
26/08/15,05:00,27.9,47,12.7,1006.8,0,339,3.1,6.5,47,26.5,0,0
26/08/15,06:00,27.7,48,12.7,1007.2,24,351,3.3,6.9,35.1,26.5,57,4
26/08/15,07:00,27.4,53,13.8,1007.6,170,39,3.7,6,23.5,26.5,377,20
26/08/15,08:00,27.6,54,14.3,1007.9,418,48,5.4,8,12.3,26.5,815,48
26/08/15,09:00,28,52,14,1008,635,50,7.1,9.6,4.1,26.5,1229,84
26/08/15,10:00,28.8,48,13.6,1007.6,798,48,7.2,9.2,2.8,26.6,1556,119
26/08/15,11:00,29.6,45,13.4,1006.9,899,48,7,9.1,7.8,26.7,1767,146
26/08/15,12:00,30.3,44,13.5,1006.1,932,49,6.6,8.6,15.8,26.8,1842,157
26/08/15,13:00,31.1,42,13.4,1005.6,908,50,6.1,8,25.8,26.9,1800,152
26/08/15,14:00,31.9,39,13.2,1004.9,828,49,5.6,7.9,36.6,26.9,1636,133
26/08/15,15:00,33.3,34,12.1,1004.1,684,48,6.6,8.8,45.1,27,1344,101
26/08/15,16:00,33.6,33,12.1,1003.8,486,48,6,8,50.2,27,947,63
26/08/15,17:00,33.3,36,12.8,1003.7,269,40,5,7.5,49.8,27,516,31
26/08/15,18:00,33.7,32,11.7,1003.8,55,34,4.7,6.5,43.4,26.9,121,9
26/08/15,19:00,36.5,19,8,1004.3,1,12,3,6.1,32.9,26.9,4,0
26/08/15,20:00,36.2,18,7.6,1005,0,350,2.9,5.8,19.4,26.7,0,0
26/08/15,21:00,35,22,8.6,1005.7,0,335,4.2,8,10.8,26.7,0,0
26/08/15,22:00,34.1,24,9.1,1006.3,0,333,4.3,8.4,9.4,26.6,0,0
26/08/15,23:00,33.2,30,10.6,1006.7,0,342,3.5,6.4,9,26.6,0,0
26/08/15,24:00,31.7,40,13.2,1007.2,0,22,4.4,7.7,14.9,26.6,0,0
27/08/15,01:00,30.7,45,14.2,1007.2,0,21,5.1,9.3,28.5,26.6,0,0
27/08/15,02:00,30.2,47,14.3,1007.3,0,28,3.1,5.9,42.1,26.6,0,0
27/08/15,03:00,29.8,48,14.4,1007.5,0,26,2.9,4.2,52.2,26.6,0,0
27/08/15,04:00,30,45,13.7,1007.3,0,352,2.5,5.9,57.6,26.6,0,0
27/08/15,05:00,29.5,48,14,1007.6,0,8,2.4,5.2,57.9,26.6,0,0
27/08/15,06:00,27.6,62,16.3,1008.3,20,29,3,4.6,51.5,26.5,46,3
27/08/15,07:00,27.8,59,15.8,1008.9,148,47,4.9,6,39.3,26.5,317,18
27/08/15,08:00,28.1,59,16,1009.4,376,42,5.6,7.9,23.6,26.5,736,43
27/08/15,09:00,28.6,58,16.3,1009.5,581,44,6.5,7.9,8.4,26.6,1130,74
27/08/15,10:00,29.3,55,16,1009.4,742,46,6.4,7.8,-2.4,26.7,1458,106
27/08/15,11:00,30.4,50,15.4,1008.9,845,48,6.4,7.7,-6.2,26.8,1672,132
27/08/15,12:00,31.7,41,13.5,1008.2,900,52,6.1,7.8,-1,26.9,1788,147
27/08/15,13:00,32.8,34,11.9,1007.8,878,55,5.2,6.2,8.8,26.9,1747,142
27/08/15,14:00,33.6,33,12,1007.2,604,55,4.7,6.9,21.2,27.1,1218,95
27/08/15,15:00,33.6,35,12.9,1006.4,608,48,5.2,7,38.1,27.2,1211,87
27/08/15,16:00,33.9,35,12.9,1006.2,455,61,4.3,6.8,49.8,27,896,58
27/08/15,17:00,32.3,43,14.6,1006.3,230,203,2.1,6.7,54.1,27,451,28
27/08/15,18:00,34.1,34,12.1,1006.3,50,21,2.7,6.7,50.2,27,105,8
27/08/15,19:00,34.7,28,10.7,1006.8,0,34,4.1,5.9,37.8,27,3,0
27/08/15,20:00,34.5,27,10.2,1007.6,0,27,2.8,5.3,23.2,27,0,0
27/08/15,21:00,35.1,24,9.2,1007.9,0,348,2,6.6,6.7,27,0,0
27/08/15,22:00,35.6,22,8.9,1008.1,0,350,2.5,10.8,-4.9,27,0,0
27/08/15,23:00,33.3,31,11.2,1008.6,0,22,5.5,10.2,-8.1,26.9,0,0
27/08/15,24:00,32.6,35,12.2,1008.5,0,15,4.8,8.5,-4.2,26.9,0,0
28/08/15,01:00,32.4,34,11.7,1008.4,0,2,3.8,7.9,3.9,26.8,0,0
28/08/15,02:00,31.6,37,12.3,1008.7,0,22,3.5,7.4,18.3,26.9,0,0
28/08/15,03:00,30.7,40,12.5,1008.9,0,32,3.9,7.3,37,26.8,0,0
28/08/15,04:00,29.5,42,12.5,1009.1,0,40,5.8,9.3,51.9,26.8,0,0
28/08/15,05:00,28.8,46,13.1,1009.2,0,40,6.5,9.5,57.4,26.8,0,0
28/08/15,06:00,28,54,14.5,1009.7,19,44,6,7.8,54.5,26.7,45,3
28/08/15,07:00,27.6,56,14.9,1010.2,149,33,6.4,8.9,44.4,26.7,327,18
28/08/15,08:00,28.4,52,14.5,1010.4,391,43,8.1,10.8,28.4,26.7,762,45
28/08/15,09:00,29.3,48,13.8,1010.5,604,43,8.5,10.8,8.8,26.7,1174,78
28/08/15,10:00,30.5,40,12.5,1010.4,773,48,8.1,10.3,-7.9,26.8,1516,114
28/08/15,11:00,32,32,10.6,1010,873,46,8.2,11,-19.1,26.8,1723,139
28/08/15,12:00,33.1,29,10.2,1009.4,912,46,8.8,11.3,-20.6,26.9,1812,151
28/08/15,13:00,33.7,28,10.3,1008.8,894,44,8.8,11.7,-12.6,27,1777,148
28/08/15,14:00,34.5,26,10,1008.1,819,42,8.8,11.8,1.8,27,1622,131
28/08/15,15:00,34.9,26,10.1,1007.6,675,40,8.9,12.4,20.1,27,1329,100
28/08/15,16:00,34.8,27,10.4,1007.2,490,40,8.3,11.2,36.8,27,954,64
28/08/15,17:00,35.3,25,9.9,1007.2,277,35,7.2,10.4,49.4,26.9,526,31
28/08/15,18:00,35.9,22,8.8,1007.4,49,32,6.7,9.9,52.1,27,113,8
28/08/15,19:00,36.4,18,7.7,1007.8,1,17,5.2,9.9,45.4,26.9,3,0
28/08/15,20:00,36,18,7.5,1008.4,0,6,4,8,31.4,26.8,0,0
28/08/15,21:00,35.4,20,7.9,1008.9,0,17,3.8,7.6,13.5,26.7,0,0
28/08/15,22:00,34.1,23,8.8,1009.1,0,357,3.4,6.6,-5,26.7,0,0
28/08/15,23:00,33.4,26,9.3,1009.5,0,4,3.8,7.6,-18.8,26.7,0,0
28/08/15,24:00,32.5,28,9.5,1009.6,0,10,4.3,8.5,-23.4,26.6,0,0
29/08/15,01:00,31.8,29,9.8,1009.4,0,13,3.3,7.1,-15.4,26.5,0,0
29/08/15,02:00,31.1,30,9.8,1009.1,0,15,3.6,7.1,1.2,26.5,0,0
29/08/15,03:00,29.2,42,11.9,1009.1,0,32,5,7.6,19.6,26.4,0,0
29/08/15,04:00,28.8,41,11.5,1009.2,0,35,5,8.2,39.1,26.4,0,0
29/08/15,05:00,27.3,50,13.1,1009.4,0,37,6.8,8.6,53.6,26.5,0,0
29/08/15,06:00,27.2,50,13.1,1009.5,22,43,7.6,9.6,60.1,26.5,52,3
29/08/15,07:00,27.4,51,13.3,1009.8,164,42,8.4,10.8,54.5,26.5,366,19
29/08/15,08:00,28.9,43,12.3,1010,412,41,8.7,12.4,39,26.5,796,47
29/08/15,09:00,30.4,32,10.1,1010.1,624,32,8.2,12.9,18.5,26.5,1206,81
29/08/15,10:00,32.1,25,8.5,1009.9,784,25,7.4,12.8,-2.7,26.5,1530,115
29/08/15,11:00,32.7,24,8.3,1009.3,880,33,8.5,13.4,-20.6,26.6,1732,140
29/08/15,12:00,32.9,24,8.4,1008.7,916,42,9.1,12.7,-29.6,26.7,1814,152
29/08/15,13:00,33.7,23,8.5,1007.9,891,43,10.1,13.3,-26.1,26.8,1770,148
29/08/15,14:00,34.3,22,8.5,1007.2,807,42,9.9,13.6,-13.8,26.8,1600,128
29/08/15,15:00,34.8,21,8.2,1006.7,669,41,9.6,12.6,4.9,26.8,1318,98
29/08/15,16:00,35.3,19,7.6,1006.3,487,39,9.3,13,26.1,26.8,944,63
29/08/15,17:00,35.9,17,7,1006.1,277,34,8.4,11.4,45.6,26.8,523,31
29/08/15,18:00,35.9,16,6.5,1006.1,45,31,6.8,10.3,58.8,26.8,103,8
29/08/15,19:00,36.3,13,5.4,1006.6,0,19,4.6,9.1,60.3,26.7,3,0
29/08/15,20:00,35.5,18,7.3,1007.6,0,342,4.5,9.3,49.5,26.8,0,0
29/08/15,21:00,33.9,25,9.3,1008.2,0,335,4.9,10.4,29.9,26.8,0,0
29/08/15,22:00,33,29,10.2,1008.8,0,331,4.9,9.6,7.8,26.9,0,0
29/08/15,23:00,32.4,30,10.1,1009.1,0,356,3.4,6.5,-11.2,26.9,0,0
29/08/15,24:00,31.2,32,10.4,1009.5,0,356,2.9,6.3,-25.6,26.8,0,0
30/08/15,01:00,30.4,34,10.6,1009.3,0,353,3.2,6.3,-29.4,26.8,0,0
30/08/15,02:00,29.9,35,10.4,1009.2,0,335,3.7,6.8,-19.2,26.8,0,0
30/08/15,03:00,29.4,36,10.6,1009.1,0,359,3,6.2,1,26.6,0,0
30/08/15,04:00,27.5,50,13.2,1009,0,28,3.3,5,24.2,26.5,0,0
30/08/15,05:00,27.2,52,13.3,1009.2,0,34,3.6,5.9,46,26.5,0,0
30/08/15,06:00,27,46,11.9,1009.5,22,39,3,4.4,61.7,26.6,55,4
30/08/15,07:00,27.2,48,12.4,1010,170,42,4.6,7,65.6,26.6,391,20
30/08/15,08:00,27.6,48,12.7,1010.2,428,49,4.9,6.8,57,26.8,826,49
30/08/15,09:00,28.4,45,12.6,1010.3,636,45,5.8,8.8,38.7,26.7,1240,85
30/08/15,10:00,29.7,40,12,1010.1,800,40,6.4,10.7,15,26.9,1576,123
30/08/15,11:00,30.4,36,11.1,1009.8,920,50,7.1,9.7,-7.3,27,1790,150
30/08/15,12:00,31.2,33,10.6,1009.1,974,51,7.1,9.9,-26.1,27.3,1879,164
30/08/15,13:00,32.2,30,10.2,1008.5,952,50,7.9,12.8,-35.2,27.4,1836,159
30/08/15,14:00,33.2,25,8.9,1007.9,865,46,7.7,10.9,-28.8,27.4,1670,140
30/08/15,15:00,33.7,24,9,1007.3,718,45,6.9,9.9,-11.5,27.3,1392,108
30/08/15,16:00,35.1,19,7.7,1006.8,526,30,4.1,9.4,9.5,27.3,1024,72
30/08/15,17:00,35.2,20,8,1006.6,300,35,3.6,7,32.6,27.3,576,34
30/08/15,18:00,36.2,15,6.3,1006.7,38,3,3.9,8.6,53.2,27.3,94,8
30/08/15,19:00,35.5,16,6.5,1007.3,0,344,4,10.8,64,27.2,2,0
30/08/15,20:00,34.3,20,7.8,1008,0,338,4.5,10.5,64.8,27.1,0,0
30/08/15,21:00,32.9,23,8.1,1009.2,0,350,5.4,12,50.4,27,0,0
30/08/15,22:00,32.4,20,7,1009.9,0,9,4,6.9,27.2,26.8,0,0
30/08/15,23:00,31.5,23,7.5,1010.2,0,347,3.2,6.8,3.5,26.8,0,0
30/08/15,24:00,30.4,26,8,1010.2,0,16,2.9,6.7,-18.1,26.9,0,0
31/08/15,01:00,29.8,26,7.9,1010.1,0,356,2.7,5.5,-32.6,27,0,0
31/08/15,02:00,29.2,28,8,1010,0,350,3.3,5.9,-31.3,26.9,0,0
31/08/15,03:00,28.9,28,7.9,1009.7,0,4,3,5.9,-15.6,26.8,0,0
31/08/15,04:00,27.2,39,10.1,1009.7,0,15,2.5,5,5.9,26.8,0,0
31/08/15,05:00,26.3,43,10.6,1010.1,0,13,2.3,4.9,28.3,26.8,0,0
31/08/15,06:00,25.8,46,11,1010.3,26,38,2.9,5.8,49.8,26.9,56,4
31/08/15,07:00,25.6,51,12,1010.5,206,42,3.6,5.1,65.7,26.8,398,20
31/08/15,08:00,26.4,46,11.5,1011,435,35,5.3,7.5,66.3,26.8,852,50
31/08/15,09:00,27.6,46,12.1,1011,646,49,5.7,7.7,53.9,26.9,1263,88
31/08/15,10:00,28.5,43,11.9,1011,815,55,6.6,8.3,34.6,27,1584,124
31/08/15,11:00,29.5,36,10.6,1011,927,57,6.2,8.7,10.2,27.1,1784,150
31/08/15,12:00,30.9,28,8.8,1010.3,980,43,6.4,9.7,-14.8,27.3,1876,163
31/08/15,13:00,33.5,15,5.4,1009.5,962,35,5.3,10.3,-32.1,27.3,1838,160
31/08/15,14:00,33.1,20,7.3,1009,865,53,6.8,9.2,-36.9,27.4,1660,139
31/08/15,15:00,33.7,21,7.7,1008.4,712,46,7,9.6,-28.4,27.4,1373,107
31/08/15,16:00,34.8,18,6.9,1008,516,37,5.8,10.1,-10,27.4,993,69
31/08/15,17:00,35.5,16,6.4,1007.6,286,28,4.7,9.4,12.4,27.4,546,32
31/08/15,18:00,34.9,19,7.6,1007.5,36,29,5.6,9.2,36.6,27.3,89,8
31/08/15,19:00,34.6,20,8,1007.8,0,22,4.7,8.2,57.7,27.2,2,0
31/08/15,20:00,34.5,22,8.3,1008.5,0,355,3.3,8.9,66.2,27.2,0,0
31/08/15,21:00,33.5,22,8,1009.2,0,338,4.8,9.4,60.8,27.1,0,0
31/08/15,22:00,32.8,24,8.5,1009.7,0,348,4,7.8,47.6,26.9,0,0
31/08/15,23:00,32.1,26,8.7,1010.1,0,8,2.9,5.8,22.9,26.9,0,0
31/08/15,24:00,31.4,28,8.9,1010.2,0,360,2.7,5,-1.9,26.8,0,0